 0  1 -> 0.03363286346937661986
 0  2 -> 0.01200145443471613976
 0  3 -> 0.00166977696066470532
 0  4 -> 0.00550707828505980507
 0  5 -> 0.00361159010210995984
 0  6 -> 0.00168100589667431375
 0  7 -> 0.01080361257130349126
 0  8 -> 0.00135476701885223877
 0  9 -> 0.00118778529715499138
 0 10 -> 0.00069638146701031663
 0 11 -> 0.00063449474679786507
 0 12 -> 0.00082632894340963284
 0 13 -> 0.65945546093667517518
 0 14 -> 0.00134945410161818906
 0 15 -> 0.00164362600846727465
 0 16 -> 0.00147772992461791012
 0 17 -> 0.00112369179219814542
 0 18 -> 0.00081769280600686430
 0 19 -> 0.00151350014139477857
 0 20 -> 0.00161847379846194613
 0 21 -> 0.00143961958578208674
 0 22 -> 0.00155226834070001495
 0 23 -> 0.00121784560182287339
 0 24 -> 0.00141092164410177873
 0 25 -> 0.00169338104649012088
 0 26 -> 0.11951243589558026292
 0 27 -> 0.10852865558671277724
 0 28 -> 0.00140086414608775814
 0 29 -> 0.00165524383451264284
 0 30 -> 0.00281718863310481682
 0 31 -> 0.01545918186175229865
 0 32 -> 0.00191891061780653360
 0 33 -> 0.01244230021133243234
 0 34 -> 0.00216819518871098297
 0 35 -> 0.00053958806584700279
 0 36 -> 0.00218258961741424166
 0 37 -> 0.00166268615019845786
 0 38 -> 0.00108553551009626156
 0 39 -> 0.00166328594530936315
 0 40 -> 0.00106111814415361916
 1  2 -> 0.01387820846777597199
 1  3 -> 0.00097916070642952422
 1  4 -> 0.00569891012500059208
 1  5 -> 0.00387489316409360364
 1  6 -> 0.00173911755773632488
 1  7 -> 0.01168308033916380488
 1  8 -> 0.00153272166570005770
 1  9 -> 0.00096909123855712864
 1 10 -> 0.00063202279959413351
 1 11 -> 0.00064927834387660339
 1 12 -> 0.00061096478256020834
 1 13 -> 0.03429898064868516783
 1 14 -> 0.00107151594503920779
 1 15 -> 0.00116368884414485966
 1 16 -> 0.00109405283924236211
 1 17 -> 0.00120510063416681213
 1 18 -> 0.00075718532625663484
 1 19 -> 0.00133970164000142057
 1 20 -> 0.00128254877971394911
 1 21 -> 0.00092195040605772081
 1 22 -> 0.00097343649024014085
 1 23 -> 0.00145748735789063134
 1 24 -> 0.00091818080023907736
 1 25 -> 0.00143672628992913423
 1 26 -> 0.03540550653067831011
 1 27 -> 0.02912497226750679000
 1 28 -> 0.00125394425696400877
 1 29 -> 0.00201889127507131521
 1 30 -> 0.00302274748889630332
 1 31 -> 0.01201554432621307691
 1 32 -> 0.00219715917620978175
 1 33 -> 0.01366021121704252828
 1 34 -> 0.00220897335499878290
 1 35 -> 0.00060322094407105735
 1 36 -> 0.00228556328910359784
 1 37 -> 0.00206644918198916824
 1 38 -> 0.00105732381751628751
 1 39 -> 0.00103927793315569260
 1 40 -> 0.00114925848165169380
 2  3 -> 0.00100247423408535759
 2  4 -> 0.00380915401567034342
 2  5 -> 0.00325270273133409669
 2  6 -> 0.00141194903734098882
 2  7 -> 0.04035873833582005743
 2  8 -> 0.00161723118633864136
 2  9 -> 0.00111384034866690790
 2 10 -> 0.00070896599936881176
 2 11 -> 0.00081229769259350167
 2 12 -> 0.00074250842394371077
 2 13 -> 0.01326072110884308868
 2 14 -> 0.00085959334494469268
 2 15 -> 0.00147666034107105820
 2 16 -> 0.00088837183683164195
 2 17 -> 0.00133501936273285071
 2 18 -> 0.00079194502414985676
 2 19 -> 0.00075495841719717808
 2 20 -> 0.00110148763295889337
 2 21 -> 0.00089984099261639831
 2 22 -> 0.00069635932019846227
 2 23 -> 0.00102861133541997806
 2 24 -> 0.00064617583192809046
 2 25 -> 0.00131590089254713023
 2 26 -> 0.01191616475930964113
 2 27 -> 0.01040569238370881409
 2 28 -> 0.00111441404175552762
 2 29 -> 0.00210005349538118719
 2 30 -> 0.00344247027813059624
 2 31 -> 0.06480028375803471852
 2 32 -> 0.00221200303103042751
 2 33 -> 0.07087459247026249576
 2 34 -> 0.00145820937488989996
 2 35 -> 0.00112910808574293877
 2 36 -> 0.00287627876651673020
 2 37 -> 0.00200951467989237374
 2 38 -> 0.00099699672560208557
 2 39 -> 0.00094372188999240357
 2 40 -> 0.00090669014571039626
 3  4 -> 0.00120256415180823952
 3  5 -> 0.00290070822229480810
 3  6 -> 0.00149283726148036352
 3  7 -> 0.00142334583490413250
 3  8 -> 0.02290066308279565740
 3  9 -> 0.00139829769449636727
 3 10 -> 0.00082387339382763622
 3 11 -> 0.00096065513617253596
 3 12 -> 0.00120613900499539901
 3 13 -> 0.00167712657492221544
 3 14 -> 0.00556251313968495354
 3 15 -> 0.02631655849594388696
 3 16 -> 0.00570576444723461945
 3 17 -> 0.00167221507954876136
 3 18 -> 0.00059428473974873226
 3 19 -> 0.01758447244019090833
 3 20 -> 0.00142874732369677507
 3 21 -> 0.00500258200473115144
 3 22 -> 0.01860895768700084746
 3 23 -> 0.01852125809851002183
 3 24 -> 0.00475760942454962581
 3 25 -> 0.00324538297633121834
 3 26 -> 0.00103120355771088167
 3 27 -> 0.00118161620273732836
 3 28 -> 0.00353317493131419203
 3 29 -> 0.00161329084318254990
 3 30 -> 0.00181847347070955762
 3 31 -> 0.00122725616954979209
 3 32 -> 0.00173857472560830185
 3 33 -> 0.00119861580795493504
 3 34 -> 0.00132066757407171918
 3 35 -> 0.00115326991777306822
 3 36 -> 0.00126922941777803675
 3 37 -> 0.00155134347347462794
 3 38 -> 0.00420224584820757651
 3 39 -> 0.02480196841989687831
 3 40 -> 0.00411544711569621253
 4  5 -> 0.00734845719920781178
 4  6 -> 0.00291754940929309569
 4  7 -> 0.00395905748095120094
 4  8 -> 0.00195464183309396146
 4  9 -> 0.00108155517799556175
 4 10 -> 0.00086225116183720224
 4 11 -> 0.00096436026332293999
 4 12 -> 0.00071631958588995437
 4 13 -> 0.00473106741541908828
 4 14 -> 0.00098096438849117930
 4 15 -> 0.00219655802782715891
 4 16 -> 0.00089291153198472041
 4 17 -> 0.00242867759616602515
 4 18 -> 0.00044791232477933983
 4 19 -> 0.00140485830028975610
 4 20 -> 0.00190375684547909509
 4 21 -> 0.00053933879069836561
 4 22 -> 0.00112180766509471850
 4 23 -> 0.00142437672745161412
 4 24 -> 0.00065114895893055708
 4 25 -> 0.00177236245574005961
 4 26 -> 0.00362176672245245789
 4 27 -> 0.00361041004329208182
 4 28 -> 0.00210778579030256432
 4 29 -> 0.00465200605114984497
 4 30 -> 0.00717826947705920825
 4 31 -> 0.00367032854360486082
 4 32 -> 0.00467703218620830769
 4 33 -> 0.00424538471633621912
 4 34 -> 0.00170924167097752443
 4 35 -> 0.00070138233011129069
 4 36 -> 0.00624504322284723506
 4 37 -> 0.00466078574202454660
 4 38 -> 0.00127836767711184932
 4 39 -> 0.00160379611639332575
 4 40 -> 0.00133590794870299301
 5  6 -> 0.00394975697790609509
 5  7 -> 0.00338519314197641185
 5  8 -> 0.00305621699345519316
 5  9 -> 0.00230038342398958566
 5 10 -> 0.00168500592204019338
 5 11 -> 0.00142994628410358731
 5 12 -> 0.00120879631723166308
 5 13 -> 0.00350608268925384301
 5 14 -> 0.00230948458841505637
 5 15 -> 0.00267777665716872459
 5 16 -> 0.00214964152701809267
 5 17 -> 0.00298903566886553384
 5 18 -> 0.00125558368818068800
 5 19 -> 0.00256300686099130781
 5 20 -> 0.00321748506167430582
 5 21 -> 0.00217349185433886143
 5 22 -> 0.00263551008787027983
 5 23 -> 0.00253282100532494468
 5 24 -> 0.00238930733974236555
 5 25 -> 0.00333812170499044264
 5 26 -> 0.00312873125595925644
 5 27 -> 0.00306289483434040539
 5 28 -> 0.00241526272223136808
 5 29 -> 0.00605971972068918441
 5 30 -> 0.00751762328888189949
 5 31 -> 0.00312721387221672571
 5 32 -> 0.00651251369672905134
 5 33 -> 0.00361282441602040101
 5 34 -> 0.00269821226267302544
 5 35 -> 0.00136957232099786858
 5 36 -> 0.00567358883095129239
 5 37 -> 0.00533328022790489041
 5 38 -> 0.00279451316280025352
 5 39 -> 0.00257156054228514395
 5 40 -> 0.00256447786584531592
 6  7 -> 0.00163557663986151547
 6  8 -> 0.00158688550720861767
 6  9 -> 0.00128582925942814460
 6 10 -> 0.00097071832172695245
 6 11 -> 0.00062838369468754083
 6 12 -> 0.00093985834465936725
 6 13 -> 0.00159329930122836046
 6 14 -> 0.00134907129613530213
 6 15 -> 0.00129053600156237144
 6 16 -> 0.00129125378909425372
 6 17 -> 0.00188989295635951567
 6 18 -> 0.00041811154607373970
 6 19 -> 0.00128858648048620831
 6 20 -> 0.00142972653277460317
 6 21 -> 0.00190201916304781680
 6 22 -> 0.00119871678067448714
 6 23 -> 0.00128588367927607206
 6 24 -> 0.00161843932627260025
 6 25 -> 0.00173501424363994698
 6 26 -> 0.00152337466196662808
 6 27 -> 0.00159924882811324871
 6 28 -> 0.00166907939395023546
 6 29 -> 0.00244440018208610639
 6 30 -> 0.00308757948999637813
 6 31 -> 0.00138517060232781872
 6 32 -> 0.00269123711383184756
 6 33 -> 0.00164231226223307460
 6 34 -> 0.00113193203001309443
 6 35 -> 0.00074257773205552245
 6 36 -> 0.00278557781781024879
 6 37 -> 0.00251875733398776273
 6 38 -> 0.00140050466756599587
 6 39 -> 0.00134793297977930894
 6 40 -> 0.00134589010258609715
 7  8 -> 0.00144507248646052609
 7  9 -> 0.00121663491442692054
 7 10 -> 0.00075830320069248758
 7 11 -> 0.00092437580558945806
 7 12 -> 0.00079731519752621006
 7 13 -> 0.01178577684704123184
 7 14 -> 0.00166323880197836722
 7 15 -> 0.00121163811688628918
 7 16 -> 0.00159826277492379075
 7 17 -> 0.00161692109043004139
 7 18 -> 0.00063392711981574343
 7 19 -> 0.00114245463466825675
 7 20 -> 0.00157730630165608238
 7 21 -> 0.00121615164350148057
 7 22 -> 0.00118857683891462180
 7 23 -> 0.00128565921728292774
 7 24 -> 0.00147174672944305166
 7 25 -> 0.00169649493794439142
 7 26 -> 0.01105305121775035891
 7 27 -> 0.01083702243296581942
 7 28 -> 0.00138966137075360830
 7 29 -> 0.00250395311738470152
 7 30 -> 0.00331901416494475004
 7 31 -> 0.05301677155066518432
 7 32 -> 0.00262893433534237613
 7 33 -> 0.05179703318189970984
 7 34 -> 0.00230991911471870775
 7 35 -> 0.00080931997335108785
 7 36 -> 0.00259150107611875102
 7 37 -> 0.00259393530299545632
 7 38 -> 0.00131423610100863926
 7 39 -> 0.00137318593017018357
 7 40 -> 0.00118182681840505680
 8  9 -> 0.00124634531067485568
 8 10 -> 0.00108636866046009123
 8 11 -> 0.00068554313551126523
 8 12 -> 0.00075471111265538028
 8 13 -> 0.00138945825032901803
 8 14 -> 0.00388867497062428749
 8 15 -> 0.04066367759455204178
 8 16 -> 0.00411085657608399081
 8 17 -> 0.00187921843144549499
 8 18 -> 0.00077434786896473458
 8 19 -> 0.01827771460587142641
 8 20 -> 0.00102488602927041229
 8 21 -> 0.00389202849190826679
 8 22 -> 0.01851739596637878502
 8 23 -> 0.03462834108025326235
 8 24 -> 0.00391125732701805718
 8 25 -> 0.00274871028323577784
 8 26 -> 0.00114601981549578144
 8 27 -> 0.00130830898007807425
 8 28 -> 0.00529148239706593495
 8 29 -> 0.00168740557550498427
 8 30 -> 0.00237207137185154035
 8 31 -> 0.00128782095177387809
 8 32 -> 0.00196940322673693369
 8 33 -> 0.00167705864989362518
 8 34 -> 0.00071756782744977592
 8 35 -> 0.00086524437952969417
 8 36 -> 0.00164518091195246449
 8 37 -> 0.00181781402789516237
 8 38 -> 0.00367590088588558078
 8 39 -> 0.03139608403358659650
 8 40 -> 0.00351334070242774249
 9 10 -> 0.00047862156945190586
 9 11 -> 0.00083190124063448447
 9 12 -> 0.00094386419332651396
 9 13 -> 0.00111471016337343575
 9 14 -> 0.00186857384562377099
 9 15 -> 0.00092796970901299204
 9 16 -> 0.00191348791262114138
 9 17 -> 0.00201410793105055415
 9 18 -> 0.00062452070378026263
 9 19 -> 0.00104031810815692996
 9 20 -> 0.00109884947572995786
 9 21 -> 0.00189089739671579314
 9 22 -> 0.00161425622960913498
 9 23 -> 0.00166620412043821811
 9 24 -> 0.00178792470817230680
 9 25 -> 0.00157108469368484149
 9 26 -> 0.00132372558775149048
 9 27 -> 0.00105124746285616068
 9 28 -> 0.00136362901776421056
 9 29 -> 0.00140592730547232751
 9 30 -> 0.00191930582250121801
 9 31 -> 0.00105958200138392411
 9 32 -> 0.00149699086887411644
 9 33 -> 0.00100947833434232820
 9 34 -> 0.00085567812233490568
 9 35 -> 0.00076300117450382634
 9 36 -> 0.00096288690067827668
 9 37 -> 0.00155478010774274676
 9 38 -> 0.00153417118482164711
 9 39 -> 0.00152873356832826292
 9 40 -> 0.00147539567454025721
10 11 -> 0.01669134104173986347
10 12 -> 0.01245285201839282235
10 13 -> 0.00037634029991367578
10 14 -> 0.00060660475368043843
10 15 -> 0.00084466302190477969
10 16 -> 0.00060634744377413650
10 17 -> 0.00075573420465698893
10 18 -> 0.01477391159537323230
10 19 -> 0.00077574478287988557
10 20 -> 0.00029925807940207281
10 21 -> 0.00074613748435695506
10 22 -> 0.00076162781147724832
10 23 -> 0.00074744065315025387
10 24 -> 0.00067895983660519075
10 25 -> 0.00070999909916901664
10 26 -> 0.00076235818840059936
10 27 -> 0.00067356394240012166
10 28 -> 0.00032443460473425195
10 29 -> 0.00104682497023559197
10 30 -> 0.00097403237059402834
10 31 -> 0.00046289960944693694
10 32 -> 0.00108709344374723635
10 33 -> 0.00061442807104275055
10 34 -> 0.00105453654284236981
10 35 -> 0.07225955613981864534
10 36 -> 0.00072208526634243305
10 37 -> 0.00084809293403925691
10 38 -> 0.00089020357597553571
10 39 -> 0.00079016648043739389
10 40 -> 0.00086104378198504391
11 12 -> 0.08918440300716941327
11 13 -> 0.00073164736575343609
11 14 -> 0.00127778147645235302
11 15 -> 0.00066570811269275583
11 16 -> 0.00113851623767046383
11 17 -> 0.00150701504901766602
11 18 -> 0.10627700806696131763
11 19 -> 0.00053890940365817759
11 20 -> 0.00055694959981356334
11 21 -> 0.00110688969107196485
11 22 -> 0.00083010235719227054
11 23 -> 0.00133527167353882136
11 24 -> 0.00114986339922090210
11 25 -> 0.00093906815273049420
11 26 -> 0.00072004667180816185
11 27 -> 0.00067921327662640507
11 28 -> 0.00080765280234761756
11 29 -> 0.00079400671484585296
11 30 -> 0.00138048026718520984
11 31 -> 0.00059678236558627666
11 32 -> 0.00105523260509548578
11 33 -> 0.00081192091713193490
11 34 -> 0.00037653722882168705
11 35 -> 0.01839083807958085195
11 36 -> 0.00074314108561396829
11 37 -> 0.00090438686135215396
11 38 -> 0.00096599919713052061
11 39 -> 0.00059943722978265989
11 40 -> 0.00125037064163606654
12 13 -> 0.00076450828046522592
12 14 -> 0.00157661108828440573
12 15 -> 0.00073509959018081277
12 16 -> 0.00166938886879027535
12 17 -> 0.00106532663584363871
12 18 -> 0.08389799883630952304
12 19 -> 0.00094678106994814954
12 20 -> 0.00049480470631631886
12 21 -> 0.00109553778582272758
12 22 -> 0.00121641996126383182
12 23 -> 0.00075774724949308474
12 24 -> 0.00130243775993249804
12 25 -> 0.00095767077874614373
12 26 -> 0.00066663091240921641
12 27 -> 0.00100257887683524965
12 28 -> 0.00070098703114319883
12 29 -> 0.00070238931010763454
12 30 -> 0.00090445795919440078
12 31 -> 0.00066245291129173002
12 32 -> 0.00085211082404783539
12 33 -> 0.00073390868667319998
12 34 -> 0.00084535381362972357
12 35 -> 0.01268243437835167402
12 36 -> 0.00085476288622263587
12 37 -> 0.00078414861349498119
12 38 -> 0.00106443196308618677
12 39 -> 0.00114878431480091572
12 40 -> 0.00084490027240981713
13 14 -> 0.00149364687403102871
13 15 -> 0.00158111493980331048
13 16 -> 0.00146701278998335170
13 17 -> 0.00114721548184494246
13 18 -> 0.00081341168118122590
13 19 -> 0.00158987576802605327
13 20 -> 0.00156085426406673980
13 21 -> 0.00140799572641707904
13 22 -> 0.00146706000453554843
13 23 -> 0.00127993283384453022
13 24 -> 0.00132450153751066712
13 25 -> 0.00155442510877245839
13 26 -> 0.12085614766178991164
13 27 -> 0.10905333135574060699
13 28 -> 0.00125257985591359735
13 29 -> 0.00153587411946861513
13 30 -> 0.00283226548964946208
13 31 -> 0.01614771223499135780
13 32 -> 0.00175576422149335376
13 33 -> 0.01316032649562587191
13 34 -> 0.00250310088648793543
13 35 -> 0.00068254270695539577
13 36 -> 0.00197977715796730227
13 37 -> 0.00162003986164989270
13 38 -> 0.00101630355477661080
13 39 -> 0.00132987726367034698
13 40 -> 0.00110208866260374442
14 15 -> 0.00347815348875948069
14 16 -> 0.69234991566848058664
14 17 -> 0.00342450047404917321
14 18 -> 0.00108683301857983249
14 19 -> 0.00455850657557455019
14 20 -> 0.00107889673183381553
14 21 -> 0.05186458568648848189
14 22 -> 0.00692929521931879861
14 23 -> 0.00445054794090961065
14 24 -> 0.05628248891404847437
14 25 -> 0.00410208666975677132
14 26 -> 0.00144669719408321937
14 27 -> 0.00197531294406908800
14 28 -> 0.03649969060000080034
14 29 -> 0.00164684185061854155
14 30 -> 0.00175650814208571835
14 31 -> 0.00118192369595483378
14 32 -> 0.00185796610270568614
14 33 -> 0.00095247790741237589
14 34 -> 0.00233456955128703587
14 35 -> 0.00131847141716348961
14 36 -> 0.00107681952901437237
14 37 -> 0.00157550780399565225
14 38 -> 0.07150284878806420497
14 39 -> 0.00571279202227261123
14 40 -> 0.06853414473810173768
15 16 -> 0.00367164485342905307
15 17 -> 0.00111152021710133686
15 18 -> 0.00120018900685739849
15 19 -> 0.01777703050618294894
15 20 -> 0.00130866380382267710
15 21 -> 0.00388986010714849209
15 22 -> 0.01973413706960834221
15 23 -> 0.03584328932520667449
15 24 -> 0.00405197278208904894
15 25 -> 0.00309266563638788562
15 26 -> 0.00117184014977821040
15 27 -> 0.00125858208478254541
15 28 -> 0.00367507560450907765
15 29 -> 0.00149787058362881097
15 30 -> 0.00221111846731512083
15 31 -> 0.00074198408739668007
15 32 -> 0.00160177355388143607
15 33 -> 0.00148125211079928008
15 34 -> 0.00099335694112787695
15 35 -> 0.00055204211539604026
15 36 -> 0.00162211643969820845
15 37 -> 0.00136906437545056053
15 38 -> 0.00391047255069987103
15 39 -> 0.03612753347671387311
15 40 -> 0.00376658389063538792
16 17 -> 0.00336233844171766405
16 18 -> 0.00097876463926161459
16 19 -> 0.00455083833272854846
16 20 -> 0.00125568401067225385
16 21 -> 0.05334934341571751643
16 22 -> 0.00721998708653467849
16 23 -> 0.00419082915453642714
16 24 -> 0.05839807100178762839
16 25 -> 0.00370223345971358846
16 26 -> 0.00170697215487691160
16 27 -> 0.00238330220910229354
16 28 -> 0.03721603550718417808
16 29 -> 0.00152900941363027262
16 30 -> 0.00189533037767283005
16 31 -> 0.00125345382810719162
16 32 -> 0.00174560587082748034
16 33 -> 0.00116155869052973586
16 34 -> 0.00216704895667292749
16 35 -> 0.00106820484790762292
16 36 -> 0.00112687543282733870
16 37 -> 0.00153884728105140750
16 38 -> 0.07385172881047788462
16 39 -> 0.00597669029348051658
16 40 -> 0.07052807140845189504
17 18 -> 0.00089528520316804847
17 19 -> 0.00169096807627463954
17 20 -> 0.00174925382121538398
17 21 -> 0.00315935615858227220
17 22 -> 0.00400034949314170656
17 23 -> 0.00164256409673948058
17 24 -> 0.00336794656641858621
17 25 -> 0.00234946213195036868
17 26 -> 0.00147335365398862622
17 27 -> 0.00159284686571127630
17 28 -> 0.00174398664742231617
17 29 -> 0.03457866967772107308
17 30 -> 0.02061473908334384222
17 31 -> 0.00164803279437307514
17 32 -> 0.03331005347665951660
17 33 -> 0.00128643974360329971
17 34 -> 0.00190179095662404039
17 35 -> 0.00065544615811398985
17 36 -> 0.03815484705063573040
17 37 -> 0.03578130700515326501
17 38 -> 0.00236096258508849965
17 39 -> 0.00396142690596964098
17 40 -> 0.00219642502966101898
18 19 -> 0.00092550924304687118
18 20 -> 0.00066949324212105905
18 21 -> 0.00090585555260209885
18 22 -> 0.00113295045765411618
18 23 -> 0.00117858966828324370
18 24 -> 0.00064690459035823009
18 25 -> 0.00101955962320191777
18 26 -> 0.00071015723087719377
18 27 -> 0.00083358678705605649
18 28 -> 0.00056834839690614281
18 29 -> 0.00101882600417906814
18 30 -> 0.00089260509341866374
18 31 -> 0.00066612966099721834
18 32 -> 0.00088462878212416615
18 33 -> 0.00061634722569786421
18 34 -> 0.00057097418358942526
18 35 -> 0.01824150577105848603
18 36 -> 0.00087761870808018079
18 37 -> 0.00089128206547016366
18 38 -> 0.00071643711869699765
18 39 -> 0.00073462122722478627
18 40 -> 0.00071921451459498362
19 20 -> 0.00123284149250605171
19 21 -> 0.00419651275101431357
19 22 -> 0.08557709746787441063
19 23 -> 0.01631734806668429238
19 24 -> 0.00444017347992270526
19 25 -> 0.00290876196553153162
19 26 -> 0.00140039633378543867
19 27 -> 0.00115463380565123319
19 28 -> 0.00366458469091592975
19 29 -> 0.00154820949019838822
19 30 -> 0.00186444566864168624
19 31 -> 0.00091163670131593508
19 32 -> 0.00168222263970169432
19 33 -> 0.00092760461211805953
19 34 -> 0.00155344356412548987
19 35 -> 0.00091537345563048129
19 36 -> 0.00163012983657941958
19 37 -> 0.00171549030965464228
19 38 -> 0.00375796037379720399
19 39 -> 0.01855061731349765333
19 40 -> 0.00336820320307881348
20 21 -> 0.00110348777822819413
20 22 -> 0.00119428839280829994
20 23 -> 0.00141182547153194567
20 24 -> 0.00127700344273019850
20 25 -> 0.00165983116840879609
20 26 -> 0.00107399482749372913
20 27 -> 0.00104668145006990955
20 28 -> 0.00104669843954728723
20 29 -> 0.00203120312572055341
20 30 -> 0.00231393495205634491
20 31 -> 0.00151741803800514372
20 32 -> 0.00190430810563004612
20 33 -> 0.00130450142663964962
20 34 -> 0.00117432254749530928
20 35 -> 0.00037616264696159333
20 36 -> 0.00169699821348175584
20 37 -> 0.00195087142152083567
20 38 -> 0.00114562308616705300
20 39 -> 0.00109255625472168033
20 40 -> 0.00120133028443695404
21 22 -> 0.00591120651917827027
21 23 -> 0.00421202836692317981
21 24 -> 0.59006678070211082687
21 25 -> 0.00336205999789813839
21 26 -> 0.00172238569270037134
21 27 -> 0.00184917276802531918
21 28 -> 0.02657206894227939070
21 29 -> 0.00150362989062164331
21 30 -> 0.00148451748307234046
21 31 -> 0.00200447208659479794
21 32 -> 0.00172315013239778209
21 33 -> 0.00131577920396172294
21 34 -> 0.00186306952457289355
21 35 -> 0.00090525817417190307
21 36 -> 0.00120753224616745240
21 37 -> 0.00188373659010786666
21 38 -> 0.04336532100376123966
21 39 -> 0.00463453891641205790
21 40 -> 0.04035701428063118851
22 23 -> 0.01602499706264792073
22 24 -> 0.00614214702857016417
22 25 -> 0.00358891462705128363
22 26 -> 0.00166547510464123884
22 27 -> 0.00121017815808650603
22 28 -> 0.00409423765299126580
22 29 -> 0.00134142721979617374
22 30 -> 0.00174440377829757206
22 31 -> 0.00122097286530211909
22 32 -> 0.00156870696997305522
22 33 -> 0.00119727154863239101
22 34 -> 0.00141139759275338088
22 35 -> 0.00112948090550160250
22 36 -> 0.00142671116122250626
22 37 -> 0.00146267409276424070
22 38 -> 0.00446830988792742880
22 39 -> 0.02412011999058353770
22 40 -> 0.00409099995650722380
23 24 -> 0.00445290753639972312
23 25 -> 0.00278015229987893650
23 26 -> 0.00119831349355017914
23 27 -> 0.00145240020684480882
23 28 -> 0.00464395816838517744
23 29 -> 0.00169468542025018689
23 30 -> 0.00180657809044702778
23 31 -> 0.00125296913351073680
23 32 -> 0.00182448881532718096
23 33 -> 0.00122302373547558295
23 34 -> 0.00097260752861712979
23 35 -> 0.00100312155749472773
23 36 -> 0.00125530069286940767
23 37 -> 0.00165302794230681510
23 38 -> 0.00320722249731811640
23 39 -> 0.03159944309318490907
23 40 -> 0.00304061806559021526
24 25 -> 0.00323995062741597476
24 26 -> 0.00160939884235091358
24 27 -> 0.00207476526152919338
24 28 -> 0.02706948898876106527
24 29 -> 0.00147846981545406717
24 30 -> 0.00153463624818997988
24 31 -> 0.00163994868959217136
24 32 -> 0.00169512090951176629
24 33 -> 0.00116629258234400329
24 34 -> 0.00185335939043747007
24 35 -> 0.00098639820437812780
24 36 -> 0.00111125618414527469
24 37 -> 0.00174830739697251513
24 38 -> 0.04352532442919765376
24 39 -> 0.00479777527242090159
24 40 -> 0.04064284941180434235
25 26 -> 0.00164345132093540801
25 27 -> 0.00164350672089126387
25 28 -> 0.00228321668947014224
25 29 -> 0.00183825126972273455
25 30 -> 0.00240132763016034749
25 31 -> 0.00176070109815331787
25 32 -> 0.00211683772691998156
25 33 -> 0.00150525360154017186
25 34 -> 0.00201100927427117892
25 35 -> 0.00078526844232002348
25 36 -> 0.00174011298448933363
25 37 -> 0.00172438014187120529
25 38 -> 0.00278201925740077880
25 39 -> 0.00383376784293276446
25 40 -> 0.00276894902351895907
26 27 -> 0.24742511598491934155
26 28 -> 0.00126918793925340223
26 29 -> 0.00174207935384400932
26 30 -> 0.00271219622941452519
26 31 -> 0.01547331076001658319
26 32 -> 0.00177061113459158555
26 33 -> 0.01238076737125881795
26 34 -> 0.00221060635228961149
26 35 -> 0.00090582098229762497
26 36 -> 0.00172124697353951968
26 37 -> 0.00154148860738459177
26 38 -> 0.00142880394838352989
26 39 -> 0.00138439169013935388
26 40 -> 0.00168174901694243873
27 28 -> 0.00115792582610128240
27 29 -> 0.00141305999348033135
27 30 -> 0.00234273125419823215
27 31 -> 0.01470171475924685577
27 32 -> 0.00145226284540555758
27 33 -> 0.01031369685029270671
27 34 -> 0.00231193527054932750
27 35 -> 0.00079778378630458171
27 36 -> 0.00145459170319178462
27 37 -> 0.00148084102609731994
27 38 -> 0.00160321970458956954
27 39 -> 0.00159744139958471038
27 40 -> 0.00146553104580070411
28 29 -> 0.00195050173777848814
28 30 -> 0.00208711780367286555
28 31 -> 0.00126214769015896506
28 32 -> 0.00192751640765809564
28 33 -> 0.00128216211982574275
28 34 -> 0.00099406508445530183
28 35 -> 0.00047368669763965624
28 36 -> 0.00173235617135320029
28 37 -> 0.00159498590414243642
28 38 -> 0.03457539948595563656
28 39 -> 0.00399598331744102121
28 40 -> 0.03390441708400587090
29 30 -> 0.03143098776807068395
29 31 -> 0.00145564486847027624
29 32 -> 0.71872118405360541082
29 33 -> 0.00177059543003606581
29 34 -> 0.00135970943072046685
29 35 -> 0.00058223493044978921
29 36 -> 0.08795796849221004798
29 37 -> 0.68925756221377210142
29 38 -> 0.00200508777689776098
29 39 -> 0.00109848992945633201
29 40 -> 0.00201507803603282343
30 31 -> 0.00275474413846852825
30 32 -> 0.03086972162889149024
30 33 -> 0.00324657899312877189
30 34 -> 0.00212149114601797384
30 35 -> 0.00129099079667587989
30 36 -> 0.03531828540222663182
30 37 -> 0.03242231665112101785
30 38 -> 0.00241571227949495104
30 39 -> 0.00188926487315468059
30 40 -> 0.00234482331930740712
31 32 -> 0.00148487302923758506
31 33 -> 0.18517773694622224889
31 34 -> 0.00219208880262311730
31 35 -> 0.00073055025832827788
31 36 -> 0.00162390592762035025
31 37 -> 0.00145483144098154920
31 38 -> 0.00171951858669457222
31 39 -> 0.00149921482887695472
31 40 -> 0.00146641330284538003
32 33 -> 0.00197533206177951098
32 34 -> 0.00144298837418148558
32 35 -> 0.00056612968828951757
32 36 -> 0.08479024991139753886
32 37 -> 0.71165695018655195092
32 38 -> 0.00228475466668604747
32 39 -> 0.00153905807066807474
32 40 -> 0.00231876184741289281
33 34 -> 0.00167068455433320604
33 35 -> 0.00130737430494698632
33 36 -> 0.00221631861933232815
33 37 -> 0.00180584606714327581
33 38 -> 0.00130587155030819735
33 39 -> 0.00148336108838045106
33 40 -> 0.00127855675031769158
34 35 -> 0.00076204391357771674
34 36 -> 0.00145030551550314347
34 37 -> 0.00132748554429644558
34 38 -> 0.00171167331397093663
34 39 -> 0.00145952006645093174
34 40 -> 0.00149853071673368009
35 36 -> 0.00123686089233395391
35 37 -> 0.00064106962606876256
35 38 -> 0.00121263890415852999
35 39 -> 0.00083290954049012017
35 40 -> 0.00064959589434360220
36 37 -> 0.09120961544430199186
36 38 -> 0.00136808466434428129
36 39 -> 0.00128168118073199427
36 40 -> 0.00120617845538402825
37 38 -> 0.00216410337266926753
37 39 -> 0.00140363619893356297
37 40 -> 0.00213462376604183846
38 39 -> 0.00413413592125536338
38 40 -> 0.50026042515817048528
39 40 -> 0.00336100121071813843
